 -4.99  -8908.09
 -4.84  -7661.63
 -4.62  -6092.57
 -4.59  -5901.32
 -4.51  -5413.20
 -4.45  -5067.47
 -3.72  -2109.02
 -3.71  -2080.43
 -3.61  -1821.78
 -3.52  -1611.35
 -3.43  -1421.82
 -3.42  -1401.06
 -3.40  -1361.71
 -3.36  -1287.22
 -3.32  -1213.01
 -3.20  -1015.06
 -3.19  -1001.04
 -3.14  -926.43
 -3.06  -817.61
 -3.03  -778.92
 -2.98  -719.79
 -2.73  -472.62
 -2.58  -360.61
 -2.57  -353.62
 -2.51  -316.84
 -2.42  -265.28
 -2.38  -245.49
 -2.27  -193.47
 -2.13  -143.67
 -1.92  -86.06
 -1.83  -67.64
 -1.81  -63.92
 -1.72  -51.12
 -1.66  -38.96
 -1.65  -41.03
 -1.54  -27.58
 -1.51  -25.14
 -1.46  -20.48
 -1.20   -2.27
 -1.18   -2.58
 -0.79    5.50
 -0.75    6.82
 -0.74    5.88
 -0.57    7.85
 -0.54    8.38
 -0.36    8.19
 -0.29    7.82
 -0.12    8.35
 -0.10    8.27
 -0.09    8.23
  0.09    8.45
  0.12    8.87
  0.14    8.70
  0.29    8.46
  0.64   13.42
  0.77   16.78
  0.99   24.02
  1.23   39.90
  1.37   52.76
  1.41   57.24
  1.44   61.58
  1.50   69.83
  1.53   73.25
  1.55   77.82
  1.58   81.89
  1.62   90.55
  1.68  102.39
  1.85  143.81
  2.11  238.90
  2.22  290.87
  2.27  318.95
  2.40  399.10
  2.42  412.28
  2.46  441.97
  2.59  547.93
  2.60  558.04
  2.73  688.16
  2.89  878.78
  2.90  893.09
  3.02  1066.27
  3.17  1321.69
  3.37  1738.65
  3.42  1857.86
  3.53  2144.92
  3.54  2171.33
  3.56  2228.11
  3.79  2966.27
  3.91  3422.98
  3.99  3759.40
  4.14  4459.88
  4.24  4983.78
  4.25  5038.64
  4.28  5206.67
  4.45  6246.02
  4.60  7296.77
  4.70  8076.87
  4.77  8656.50
  4.86  9458.31
  4.92  10022.63
  4.95  10314.55